400
1 7 9 1
20 7 11 1
25 0 19 1
26 6 9 1
70 7 10 1
177 0 18 1
266 1 19 1
363 5 9 1
456 6 10 1
463 6 12 1
623 0 9 1
820 0 17 1
857 1 18 1
1083 4 9 1
1190 5 10 1
1205 5 12 1
1351 6 11 1
1720 0 10 1
1806 0 16 1
1903 1 9 1
1939 1 17 1
1946 3 9 1
1963 4 10 1
2039 5 11 1
2191 15 19 1
2319 19 19 1
2340 0 11 1
2379 0 15 1
2431 1 10 1
2521 1 16 1
2629 2 9 1
2663 2 17 1
2745 3 10 1
2871 4 11 1
2979 15 18 1
3013 16 19 1
3113 18 19 1
3226 19 18 1
3520 0 12 1
3835 0 14 1
3837 1 11 1
3883 1 15 1
3886 2 10 1
3919 2 16 1
3965 3 11 1
4080 15 17 1
4115 16 18 1
4287 17 19 1
4290 18 18 1
4326 19 11 1
4400 0 13 1
4433 1 12 1
4478 1 14 1
4599 2 11 1
4927 2 15 1
149 16 17 1
297 17 18 1
322 18 11 1
324 19 12 1
379 1 13 1
398 2 12 1
541 2 14 1
598 17 17 1
714 18 12 1
957 19 13 1
1127 19 17 1
1183 2 13 1
1249 2 19 1
1357 3 12 1
1396 17 12 1
1492 17 16 1
1528 18 13 1
1580 18 17 1
1633 19 14 1
1708 19 16 1
1778 2 18 1
1816 3 13 1
1895 3 15 1
1911 3 19 1
2061 4 12 1
2081 5 19 1
2155 16 12 1
2204 17 13 1
2265 18 14 1
2598 18 16 1
2681 19 15 1
2762 3 14 1
2770 3 18 1
2847 4 13 1
2954 4 19 1
3234 5 18 1
3257 14 19 1
3303 15 12 1
3357 16 13 1
3437 17 14 1
3502 18 15 1
3510 19 0 1
3574 19 10 1
3756 3 17 1
3823 4 14 1
3902 4 18 1
3939 5 13 1
3980 5 17 1
4033 13 19 1
4197 14 12 1
4205 14 18 1
4220 15 13 1
4221 16 14 1
4329 16 16 1
4372 17 15 1
4654 18 0 1
4670 18 10 1
4716 19 1 1
4906 19 9 1
4952 3 16 1
22 4 15 1
561 4 17 1
688 5 14 1
886 6 13 1
1047 6 19 1
1058 12 19 1
1063 13 0 1
1320 13 4 1
1392 13 12 1
1452 13 18 1
1652 14 13 1
1891 14 17 1
1929 15 14 1
2000 15 16 1
2118 16 15 1
2279 17 0 1
2403 18 1 1
2529 18 9 1
2556 19 2 1
2602 19 8 1
2699 4 16 1
2784 5 15 1
2810 6 14 1
2925 6 18 1
2995 7 19 1
3143 11 19 1
3190 12 18 1
3289 13 1 1
3731 13 3 1
3746 13 13 1
3852 13 17 1
4071 14 0 1
4347 14 4 1
4374 14 14 1
4481 14 16 1
4635 15 15 1
4656 16 0 1
4753 17 1 1
4827 17 9 1
4851 18 2 1
4960 18 8 1
127 19 3 1
334 19 7 1
471 5 16 1
529 6 15 1
601 6 17 1
619 7 18 1
620 8 19 1
656 10 19 1
851 11 18 1
967 12 13 1
969 12 17 1
1217 13 2 1
1232 13 14 1
1448 13 16 1
1465 14 1 1
1707 14 3 1
1865 14 7 1
1923 14 15 1
2078 15 0 1
2248 16 1 1
2289 17 2 1
2396 17 8 1
2463 18 3 1
2515 18 7 1
2923 19 4 1
3124 19 6 1
3204 6 16 1
3208 7 17 1
3383 8 18 1
3440 9 19 1
3469 10 18 1
3644 11 17 1
3786 12 14 1
3818 12 16 1
3832 13 15 1
3843 14 2 1
3844 14 6 1
3879 15 1 1
3979 15 7 1
4029 16 2 1
4141 17 3 1
4191 17 7 1
4514 18 4 1
4576 18 6 1
4592 19 5 1
2 7 16 1
65 8 17 1
68 9 18 1
197 10 17 1
290 11 14 1
299 11 16 1
358 12 15 1
390 15 2 1
395 15 6 1
441 16 3 1
467 16 7 1
862 17 4 1
903 17 6 1
920 18 5 1
960 7 15 1
1098 8 16 1
1122 9 17 1
1221 10 14 1
1224 10 16 1
1340 11 15 1
1376 15 3 1
1441 16 4 1
1640 16 6 1
1726 16 8 1
1743 17 5 1
1795 17 11 1
1849 7 14 1
2034 8 15 1
2253 9 16 1
2372 10 15 1
2484 15 4 1
2499 15 8 1
2712 16 5 1
2796 16 9 1
2857 16 11 1
2926 17 10 1
3006 7 13 1
3163 8 14 1
3284 9 15 1
3397 11 13 1
3416 15 5 1
3532 15 9 1
3550 15 11 1
3588 16 10 1
3622 7 12 1
3669 8 13 1
3727 9 14 1
3743 10 13 1
3816 11 12 1
3914 14 5 1
3953 14 11 1
4035 15 10 1
4050 8 12 1
4094 9 13 1
4204 10 12 1
4235 11 11 1
4268 12 12 1
4365 13 5 1
4425 13 11 1
4511 14 10 1
4527 8 11 1
4768 9 12 1
4874 10 11 1
4877 12 5 1
4962 12 11 1
24 13 6 1
114 13 10 1
381 14 9 1
382 8 10 1
503 9 11 1
650 12 6 1
657 12 10 1
674 13 7 1
769 13 9 1
776 14 8 1
931 8 9 1
996 9 10 1
1065 11 10 1
1107 12 7 1
1201 12 9 1
1405 13 8 1
1442 9 9 1
1512 10 10 1
1515 11 5 1
1543 11 7 1
1626 11 9 1
1685 12 8 1
1812 10 5 1
1837 10 9 1
1875 11 6 1
1944 11 8 1
1973 9 5 1
1980 10 6 1
1993 10 8 1
2010 9 6 1
2049 9 8 1
2092 10 7 1
2112 8 8 1
2122 9 7 1
2125 7 8 1
2159 8 7 1
2293 0 0 1
2368 0 4 1
2646 0 8 1
2659 6 8 1
2711 7 7 1
3191 8 6 1
3236 0 1 1
3277 0 5 1
3279 0 7 1
3423 1 0 1
3452 1 4 1
3623 1 8 1
3693 5 0 1
3793 5 8 1
3971 6 7 1
4006 7 6 1
4032 0 2 1
4232 0 6 1
4554 1 1 1
4603 1 5 1
4614 1 7 1
4772 2 0 1
4829 2 8 1
4959 4 0 1
33 4 8 1
46 5 1 1
67 5 7 1
207 6 6 1
374 0 3 1
408 1 2 1
485 1 6 1
510 2 1 1
599 2 7 1
687 3 0 1
805 3 8 1
823 4 1 1
860 4 7 1
965 5 2 1
1015 5 6 1
1049 1 3 1
1073 2 2 1
1155 2 6 1
1212 3 1 1
1234 3 7 1
1254 4 2 1
1526 4 6 1
1615 2 3 1
1616 2 5 1
1695 3 2 1
1706 3 6 1
1731 2 4 1
1758 3 3 1
1977 3 5 1
1981 3 4 1
2003 4 3 1
2105 4 5 1
2185 4 4 1
2195 5 3 1
2310 5 5 1
2401 5 4 1
2438 6 3 1
2492 6 5 1
2514 6 0 1
2630 6 4 1
2675 7 5 1
2692 6 1 1
2836 7 0 1
2986 7 4 1
2997 8 5 1
3075 6 2 1
3114 7 1 1
3658 7 3 1
3730 8 0 1
3757 8 4 1
3779 12 4 1
3819 7 2 1
4088 8 1 1
4179 8 3 1
4260 9 4 1
4265 11 4 1
4455 12 3 1
4486 8 2 1
4817 9 3 1
4883 10 4 1
4950 11 3 1
27 12 2 1
156 9 2 1
347 10 3 1
349 11 2 1
351 12 1 1
360 9 1 1
418 10 2 1
468 11 1 1
487 12 0 1
677 9 0 1
942 10 1 1
964 11 0 1
1075 10 0 1
