150
316 678
583 629
347 150
620 689
80 367
197 370
415 309
587 936
583 348
786 679
655 821
577 729
978 784
132 888
850 787
525 923
936 324
348 402
349 257
618 758
709 595
650 182
687 866
519 277
674 328
726 19
831 254
375 881
803 665
651 227
662 675
921 696
621 764
194 470
658 686
812 54
791 149
357 621
702 359
154 951
424 524
985 15
99 454
624 155
639 202
135 257
306 441
952 108
239 560
437 13
102 828
479 41
75 281
767 969
361 81
816 298
384 280
592 657
290 923
153 712
962 452
586 188
729 914
124 486
111 405
193 174
242 423
644 810
567 734
195 357
535 952
565 972
519 536
9 400
355 624
169 556
183 76
736 365
686 26
728 273
273 298
350 578
108 451
726 938
418 978
581 271
188 641
692 357
527 403
129 148
656 738
751 322
875 669
941 564
894 300
354 782
414 65
147 679
563 29
242 39
903 753
523 574
96 539
498 921
458 74
160 684
900 925
50 386
809 597
717 963
748 459
391 423
677 877
70 893
479 910
808 664
774 335
843 243
557 280
198 135
289 163
878 297
117 87
912 6
559 176
107 713
921 748
845 259
250 780
139 195
429 264
996 747
882 678
59 269
669 237
637 122
978 474
364 337
440 595
670 936
723 11
771 326
801 894
532 390
244 174
573 645
170 52
63 568
769 454
853 316
